#  15 control points
#
#
#
#      12 --------- 13 -------- 14
#
#       |           |            |
#       |           |            |
#       |           |            |
#
#       9 --------- 10 -------- 11
#
#
#       6 --------- 7 --------- 8
#
#       |           |           |
#       |           |           |
#       |           |           |
#
#       3 --------- 4 --------- 5
#
#       |           |           |
#       |           |           |
#       |           |           |
#
#       0 --------- 1 --------- 2
#
#
#
#
#                          Bi               Br
#               si -----------------   i   ------- rs
#               /                  /       \        \
#          Tsi /                  /         \        \
#             /               Ti /           \ Tr     \ rTs
#            /                  /             \        \
#           /      Bi          / Br        rB1 \   rB0  \
#         si = si____________ i ___ rs = rs ___ r ____ rs=rs
#
#     Bi Tsi = Ti Bi             Ti Br = rB1      Br rTs = Tr rB0
#


i:
1 0 0 0 1 # 0
0 1 0 0 0 # 1
0 0 0 0 0 # 2
0 0 0 1 0 # 3
0 0 1 0 0 # 4
0 0 0 0 0 # 5
0 0 0 0 0 # 6
0 0 0 0 0 # 7
0 0 0 0 0 # 8
0 0 0 0 0 # 9
0 0 0 0 0 # 10
0 0 0 0 0 # 11
0 0 0 0 0 # 12
0 0 0 0 0 # 13
0 0 0 0 0 # 14

i:
0 0 0 0 0 # 13
1 0 0 0 1 # 0
0 1 0 0 0 # 1
0 0 0 0 0 # 2
0 0 0 1 0 # 3
0 0 1 0 0 # 4
0 0 0 0 0 # 5
0 0 0 0 0 # 6
0 0 0 0 0 # 7
0 0 0 0 0 # 8
0 0 0 0 0 # 9
0 0 0 0 0 # 10
0 0 0 0 0 # 11
0 0 0 0 0 # 12
0 0 0 0 0 # 14

i:
0 0 0 0 0 # 11
0 0 0 0 0 # 12
0 0 0 0 0 # 13
1 0 0 0 1 # 0
0 1 0 0 0 # 1
0 0 0 0 0 # 2
0 0 0 1 0 # 3
0 0 1 0 0 # 4
0 0 0 0 0 # 5
0 0 0 0 0 # 6
0 0 0 0 0 # 7
0 0 0 0 0 # 8
0 0 0 0 0 # 9
0 0 0 0 0 # 10
0 0 0 0 0 # 14

i:
0 0 0 0 0 # 10
0 0 0 0 0 # 11
0 0 0 0 0 # 12
0 0 0 0 0 # 13
1 0 0 0 1 # 0
0 1 0 0 0 # 1
0 0 0 0 0 # 2
0 0 0 1 0 # 3
0 0 1 0 0 # 4
0 0 0 0 0 # 5
0 0 0 0 0 # 6
0 0 0 0 0 # 7
0 0 0 0 0 # 8
0 0 0 0 0 # 9
0 0 0 0 0 # 14


i:
0 0 0 0 0 # 0
0 0 0 0 0 # 1
0 0 0 0 0 # 2
0 0 0 0 0 # 3
0 0 0 0 0 # 4
0 0 0 0 0 # 5
0 0 0 0 0 # 6
0 0 0 0 0 # 7
0 0 0 0 0 # 8
1 0 0 0 1 # 9
0 1 0 0 0 # 10
0 0 0 0 0 # 11
0 0 0 1 0 # 12
0 0 1 0 0 # 13
0 0 0 0 0 # 14


i:
0 0 0 0 0 # 0
0 0 0 0 0 # 1
0 0 0 0 0 # 2
0 0 0 0 0 # 3
0 0 0 0 0 # 4
0 0 0 0 0 # 5
0 0 0 0 0 # 6
0 0 0 0 0 # 7
0 0 0 0 0 # 8
0 0 0 0 0 # 9
1 0 0 0 1 # 10
0 1 0 0 0 # 11
0 0 0 0 0 # 12
0 0 0 1 0 # 13
0 0 1 0 0 # 14

r<in/raccord/curve_cc_12.txt>

si:
1
0
0
0
0
0

Bi:i-si
0 0 0 0 0 0 # 0
0 0 0 0 0 0 # 1
0 0 0 0 0 0 # 2
0 0 0 0 0 0 # 3
0 0 0 0 0 0 # 4
0 0 0 0 0 0 # 5
0 0 0 0 0 0 # 6
0 0 0 0 0 0 # 7
0 0 0 0 0 0 # 8
1 0 0 0 0 0 # 9
0 1 0 0 0 0 # 10
0 0 1 0 0 0 # 11
0 0 0 1 0 0 # 12
0 0 0 0 1 0 # 13
0 0 0 0 0 1 # 14


Br:i-rs
1 0 0 0 0 0 0 0 0 # 0
0 1 0 0 0 0 0 0 0 # 1
0 0 1 0 0 0 0 0 0 # 2
0 0 0 1 0 0 0 0 0 # 3
0 0 0 0 1 0 0 0 0 # 4
0 0 0 0 0 1 0 0 0 # 5
0 0 0 0 0 0 1 0 0 # 6
0 0 0 0 0 0 0 1 0 # 7
0 0 0 0 0 0 0 0 1 # 8
0 0 0 0 0 0 0 0 0 # 9
0 0 0 0 0 0 0 0 0 # 10
0 0 0 0 0 0 0 0 0 # 11
0 0 0 0 0 0 0 0 0 # 12
0 0 0 0 0 0 0 0 0 # 13
0 0 0 0 0 0 0 0 0 # 14

Ti:i-i
?

Tr:i-r
?

Tsi:si-si
?

Bi Tsi = Ti Bi
Br r.Ts = Tr r.B0
Ti Br  = Tr r.B1

c15Ti:matrix([.0625, .015625, 0, 0, 0, 0, 0, 0, 0, 0, 0, 0, 0, 0, 0], [.0625, .09375, .0625, 0, 0, 0, 0, 0, 0, 0, 0, 0, 0, 0, 0], [0, .015625, .0625, 0, 0, 0, 0, 0, 0, 0, 0, 0, 0, 0, 0], [.375, .09375, 0, .25, .0625, 0, 0, 0, 0, 0, 0, 0, 0, 0, 0], [.375, .5625, .375, .25, .375, .25, 0, 0, 0, 0, 0, 0, 0, 0, 0], [0, .09375, .375, 0, .0625, .25, 0, 0, 0, 0, 0, 0, 0, 0, 0], [.0625, .015625, 0, .25, .0625, 0, .125, .03125, 0, 0, 0, 0, 0, 0, 0], [.0625, .09375, .0625, .25, .375, .25, .125, .1875, .125, 0, 0, 0, 0, 0, 0], [0, .015625, .0625, 0, .0625, .25, 0, .03125, .125, 0, 0, 0, 0, 0, 0], [0, 0, 0, 0, 0, 0, .375, .09375, 0, .375, .09375, 0, .125, .03125, 0], [0, 0, 0, 0, 0, 0, .375, .5625, .375, .375, .5625, .375, .125, .1875, .125], [0, 0, 0, 0, 0, 0, 0, .09375, .375, 0, .09375, .375, 0, .03125, .125], [0, 0, 0, 0, 0, 0, 0, 0, 0, .125, .03125, 0, .375, .09375, 0], [0, 0, 0, 0, 0, 0, 0, 0, 0, .125, .1875, .125, .375, .5625, .375], [0, 0, 0, 0, 0, 0, 0, 0, 0, 0, .03125, .125, 0, .09375, .375]);
