# 4x4 control points:
#
#  12   13   14   15
#
#
#   8    9   10   11
#
#
#   4    5    6    7
#
#
#   0    1    2    3
#
#
#                          b       b
#                           \     /
#                         Tb0\   /Tb1
#                             \ /
#                 bs --------  b -------- bs
#                      Bb0     |     Bb1
#                              |
#
#                              Bt
#                      -----------------
#          a   as      |       |       |      cs   c
#           \  |       |       |       |       |  /
#         Ta1\ |Ba1    | Tf1   | Tf2   |    Bc1| / Tc1
#             \|       |       |       |       |/
#              a -  Bl |-------+-------| Br  - c
#             /|       |       |       |       |\
#         Ta0/ |Ba0    |       |       |    Bc0| \ Tc0
#           /  |       | Tf0   | Tf3   |       |  \
#                      |       |       |       cs  c
#         a    as      -----------------
#                              Bb
#
#                              |
#                      Bd0     |    Bd1
#                 ds --------  d -------- ds
#                             / \
#                         Td0/   \Td1
#                           /     \
#                          d       d

f:
.0278 0     0     0     #  0
.1111 .0278 0     0     #  1
.0278 .1111 0     0     #  2
0     .0278 0     0     #  3
.1111 0     0     .0278 #  4
.4444 .1111 .0278 .1111 #  5
.1111 .4444 .1111 .0278 #  6
0     .1111 .0278 0     #  7
.0278 0     0     .1111 #  8
.1111 .0278 .1111 .4444 #  9
.0278 .1111 .4444 .1111 # 10
0     .0278 .1111 0     # 11
0     0     0     .0278 # 12
0     0     .0278 .1111 # 13
0     0     .1111 .0278 # 14
0     0     .0278 0     # 15

#f:               
#1 0 0 0 1 #  0
#0 1 0 0 0 #  1
#0 0 0 0 0 #  2
#0 0 0 0 0 #  3
#0 0 0 1 0 #  4
#0 0 1 0 0 #  5
#0 0 0 0 0 #  6
#0 0 0 0 0 #  7
#0 0 0 0 0 #  8
#0 0 0 0 0 #  9
#0 0 0 0 0 # 10
#0 0 0 0 0 # 11
#0 0 0 0 0 # 12
#0 0 0 0 0 # 13
#0 0 0 0 0 # 14
#0 0 0 0 0 # 15

#f:
#0 0 0 0 0 
#1 0 0 0 1 
#0 1 0 0 0 
#0 0 0 0 0 
#0 0 0 0 0 
#0 0 0 1 0 
#0 0 1 0 0 
#0 0 0 0 0 
#0 0 0 0 0 
#0 0 0 0 0 
#0 0 0 0 0 
#0 0 0 0 0 
#0 0 0 0 0 
#0 0 0 0 0 
#0 0 0 0 0 
#0 0 0 0 0 

#f:
#0 0 0 0 0 
#0 0 0 0 0 
#1 0 0 0 1 
#0 1 0 0 0 
#0 0 0 0 0 
#0 0 0 0 0 
#0 0 0 1 0 
#0 0 1 0 0 
#0 0 0 0 0 
#0 0 0 0 0 
#0 0 0 0 0 
#0 0 0 0 0 
#0 0 0 0 0 
#0 0 0 0 0 
#0 0 0 0 0 
#0 0 0 0 0 

#f:
#0 0 0 0 0  
#0 0 0 0 0  
#0 0 0 0 0  
#0 0 0 0 0  
#1 0 0 0 1  
#0 1 0 0 0  
#0 0 0 0 0  
#0 0 0 0 0  
#0 0 0 1 0  
#0 0 1 0 0  
#0 0 0 0 0  
#0 0 0 0 0  
#0 0 0 0 0  
#0 0 0 0 0  
#0 0 0 0 0  
#0 0 0 0 0  

#f:
#0 0 0 0 0  
#0 0 0 0 0  
#0 0 0 0 0  
#0 0 0 0 0  
#0 0 0 0 0  
#1 0 0 0 1  
#0 1 0 0 0  
#0 0 0 0 0  
#0 0 0 0 0  
#0 0 0 1 0  
#0 0 1 0 0  
#0 0 0 0 0  
#0 0 0 0 0  
#0 0 0 0 0  
#0 0 0 0 0  
#0 0 0 0 0  

#f:
#0 0 0 0 0  
#0 0 0 0 0  
#0 0 0 0 0  
#0 0 0 0 0  
#0 0 0 0 0  
#0 0 0 0 0  
#1 0 0 0 1  
#0 1 0 0 0  
#0 0 0 0 0  
#0 0 0 0 0  
#0 0 0 1 0  
#0 0 1 0 0  
#0 0 0 0 0  
#0 0 0 0 0  
#0 0 0 0 0  
#0 0 0 0 0  

#f:
#0 0 0 0 0  #  0
#0 0 0 0 0  #  1
#0 0 0 0 0  #  2
#0 0 0 0 0  #  3
#0 0 0 0 0  #  4
#0 0 0 0 0  #  5
#0 0 0 0 0  #  6
#0 0 0 0 0  #  7
#1 0 0 0 1  #  8
#0 1 0 0 0  #  9
#0 0 0 0 0  # 10
#0 0 0 0 0  # 11
#0 0 0 1 0  # 12
#0 0 1 0 0  # 13
#0 0 0 0 0  # 14
#0 0 0 0 0  # 15

#f:
#0 0 0 0 0  
#0 0 0 0 0  
#0 0 0 0 0  
#0 0 0 0 0  
#0 0 0 0 0  
#0 0 0 0 0  
#0 0 0 0 0  
#0 0 0 0 0  
#0 0 0 0 0  
#1 0 0 0 1  
#0 1 0 0 0  
#0 0 0 0 0  
#0 0 0 0 0  
#0 0 0 1 0  
#0 0 1 0 0  
#0 0 0 0 0  

#f:
#0 0 0 0 0  
#0 0 0 0 0  
#0 0 0 0 0  
#0 0 0 0 0  
#0 0 0 0 0  
#0 0 0 0 0  
#0 0 0 0 0  
#0 0 0 0 0  
#0 0 0 0 0  
#0 0 0 0 0  
#1 0 0 0 1  
#0 1 0 0 0  
#0 0 0 0 0  
#0 0 0 0 0  
#0 0 0 1 0  
#0 0 1 0 0  

a<in/raccord/curve_cc_12.txt>:

Bl:f-a
1 0 0 0 0 0 0 0 0 0 0 0 #  0
0 1 0 0 0 0 0 0 0 0 0 0 #  1
0 0 1 0 0 0 0 0 0 0 0 0 #  2
0 0 0 0 0 0 0 0 0 0 0 0 #  3
0 0 0 1 0 0 0 0 0 0 0 0 #  4
0 0 0 0 1 0 0 0 0 0 0 0 #  5
0 0 0 0 0 1 0 0 0 0 0 0 #  6
0 0 0 0 0 0 0 0 0 0 0 0 #  7
0 0 0 0 0 0 1 0 0 0 0 0 #  8
0 0 0 0 0 0 0 1 0 0 0 0 #  9
0 0 0 0 0 0 0 0 1 0 0 0 # 10
0 0 0 0 0 0 0 0 0 0 0 0 # 11
0 0 0 0 0 0 0 0 0 1 0 0 # 12
0 0 0 0 0 0 0 0 0 0 1 0 # 13
0 0 0 0 0 0 0 0 0 0 0 1 # 14
0 0 0 0 0 0 0 0 0 0 0 0 # 15

Bt:f-a
0 0 0 0 0 0 0 0 0 0 0 0 #  0
0 0 0 0 0 0 0 0 0 0 0 0 #  1
0 0 0 0 0 0 0 0 0 0 0 0 #  2
0 0 0 0 0 0 0 0 0 0 0 0 #  3
0 0 1 0 0 0 0 0 0 0 0 0 #  4
0 0 0 0 0 1 0 0 0 0 0 0 #  5
0 0 0 0 0 0 0 0 1 0 0 0 #  6
0 0 0 0 0 0 0 0 0 0 0 1 #  7
0 1 0 0 0 0 0 0 0 0 0 0 #  8
0 0 0 0 1 0 0 0 0 0 0 0 #  9
0 0 0 0 0 0 0 1 0 0 0 0 # 10
0 0 0 0 0 0 0 0 0 0 1 0 # 11
1 0 0 0 0 0 0 0 0 0 0 0 # 12
0 0 0 1 0 0 0 0 0 0 0 0 # 13
0 0 0 0 0 0 1 0 0 0 0 0 # 14
0 0 0 0 0 0 0 0 0 1 0 0 # 15

Br:f-a
0 0 0 0 0 0 0 0 0 0 0 0 #  0
1 0 0 0 0 0 0 0 0 0 0 0 #  1
0 1 0 0 0 0 0 0 0 0 0 0 #  2
0 0 1 0 0 0 0 0 0 0 0 0 #  3
0 0 0 0 0 0 0 0 0 0 0 0 #  4
0 0 0 1 0 0 0 0 0 0 0 0 #  5
0 0 0 0 1 0 0 0 0 0 0 0 #  6
0 0 0 0 0 1 0 0 0 0 0 0 #  7
0 0 0 0 0 0 0 0 0 0 0 0 #  8
0 0 0 0 0 0 1 0 0 0 0 0 #  9
0 0 0 0 0 0 0 1 0 0 0 0 # 10
0 0 0 0 0 0 0 0 1 0 0 0 # 11
0 0 0 0 0 0 0 0 0 0 0 0 # 12
0 0 0 0 0 0 0 0 0 1 0 0 # 13
0 0 0 0 0 0 0 0 0 0 1 0 # 14
0 0 0 0 0 0 0 0 0 0 0 1 # 15

Bb:f-a
0 0 1 0 0 0 0 0 0 0 0 0 #  0
0 0 0 0 0 1 0 0 0 0 0 0 #  1
0 0 0 0 0 0 0 0 1 0 0 0 #  2
0 0 0 0 0 0 0 0 0 0 0 1 #  3
0 1 0 0 0 0 0 0 0 0 0 0 #  4
0 0 0 0 1 0 0 0 0 0 0 0 #  5
0 0 0 0 0 0 0 1 0 0 0 0 #  6
0 0 0 0 0 0 0 0 0 0 1 0 #  7
1 0 0 0 0 0 0 0 0 0 0 0 #  8
0 0 0 1 0 0 0 0 0 0 0 0 #  9
0 0 0 0 0 0 1 0 0 0 0 0 # 10
0 0 0 0 0 0 0 0 0 1 0 0 # 11
0 0 0 0 0 0 0 0 0 0 0 0 # 12
0 0 0 0 0 0 0 0 0 0 0 0 # 13
0 0 0 0 0 0 0 0 0 0 0 0 # 14
0 0 0 0 0 0 0 0 0 0 0 0 # 15

Tf0:f-f
?

Tf1:f-f
?

Tf2:f-f
?

Tf3:f-f
?

##############################################################################
# extern edges
Bl a.T0 = Tf0 Bl
Bl a.T1 = Tf1 Bl
Bt a.T0 = Tf1 Bt
Bt a.T1 = Tf2 Bt
Br a.T0 = Tf3 Br
Br a.T1 = Tf2 Br
Bb a.T0 = Tf0 Bb
Bb a.T1 = Tf3 Bb

# inner edges
Tf0 Bt = Tf1 Bb
Tf1 Br = Tf2 Bl
Tf2 Bb = Tf3 Bt
Tf3 Bl = Tf0 Br



