#z:
#0
#0
#0

#P:z-I
#0	.33	.66	1	0	.33	.66	1	0	.33	.66	1	0	.33	.66	1	0	.33	.66	1
#.33	.33	.33	.33	.66	.66	.66	.66	1	1	1	1	1.25	1.25	1.25	1.25	1.5	1.5	1.5	1.5
#0	.5	0	.5	.5	0	.5	0	0	.5	0	.5	1	.2	1	1.3	1.5	1	1.8	1.5

###0	1	2	3	4	5	6	7	8	9	10	11	12	13	14	15	16	17	18	19

Reg<in/raccord/patch_cc.txt>
c8<in/raccord/curve_cc_8.txt>
c12<in/raccord/curve_cc_12.txt>
c15<in/raccord/curve_cc_15.txt>

#I:
#.0278 0     0      0     #  0
#.1111 .0278 0      0     #  1
#.0278 .1111 0      0     #  2
#0     .0278 0      0     #  3
#.1111 0     0      0     #  4
#.4444 .1111 0      0     #  5
#.1111 .4444 0      0     #  6
#0     .1111 0      0     #  7
#.0278 0     0      0     #  8
#.1111 .0278 0      0     #  9
#.0278 .1111 0      0     # 10
#0     .0278 0      0     # 11
#0     0     0      .0833 # 12
#0     0     .0833  .3334 # 13
#0     0     .3334  .0833 # 14
#0     0     .0833  0     # 15
#0     0     0      .0833 # 16
#0     0     .0833  .3334 # 17
#0     0     .3334  .0833 # 18
#0     0     .0833  0     # 19


I:
1 0 0 0 1 # 0
0 1 0 0 0 # 1
0 0 0 0 0 # 2
0 0 0 0 0 # 3
0 0 0 1 0 # 4
0 0 1 0 0 # 5
0 0 0 0 0 # 6
0 0 0 0 0 # 7
0 0 0 0 0 # 8
0 0 0 0 0 # 9
0 0 0 0 0 # 10
0 0 0 0 0 # 11
0 0 0 0 0 # 12
0 0 0 0 0 # 13
0 0 0 0 0 # 14
0 0 0 0 0 # 15
0 0 0 0 0 # 16
0 0 0 0 0 # 17
0 0 0 0 0 # 18
0 0 0 0 0 # 19

I:
0 0 0 0 0 # 0
1 0 0 0 1 # 1
0 1 0 0 0 # 2
0 0 0 0 0 # 3
0 0 0 0 0 # 4
0 0 0 1 0 # 5
0 0 1 0 0 # 6
0 0 0 0 0 # 7
0 0 0 0 0 # 8
0 0 0 0 0 # 9
0 0 0 0 0 # 10
0 0 0 0 0 # 11
0 0 0 0 0 # 12
0 0 0 0 0 # 13
0 0 0 0 0 # 14
0 0 0 0 0 # 15
0 0 0 0 0 # 16
0 0 0 0 0 # 17
0 0 0 0 0 # 18
0 0 0 0 0 # 19

I:
0 0 0 0 0 # 0
0 0 0 0 0 # 1
1 0 0 0 1 # 2
0 1 0 0 0 # 3
0 0 0 0 0 # 4
0 0 0 0 0 # 5
0 0 0 1 0 # 6
0 0 1 0 0 # 7
0 0 0 0 0 # 8
0 0 0 0 0 # 9
0 0 0 0 0 # 10
0 0 0 0 0 # 11
0 0 0 0 0 # 12
0 0 0 0 0 # 13
0 0 0 0 0 # 14
0 0 0 0 0 # 15
0 0 0 0 0 # 16
0 0 0 0 0 # 17
0 0 0 0 0 # 18
0 0 0 0 0 # 19

I:
0 0 0 0 0 # 0
0 0 0 0 0 # 1
0 0 0 0 0 # 2
0 0 0 0 0 # 3
1 0 0 0 1 # 4
0 1 0 0 0 # 5
0 0 0 0 0 # 6
0 0 0 0 0 # 7
0 0 0 1 0 # 8
0 0 1 0 0 # 9
0 0 0 0 0 # 10
0 0 0 0 0 # 11
0 0 0 0 0 # 12
0 0 0 0 0 # 13
0 0 0 0 0 # 14
0 0 0 0 0 # 15
0 0 0 0 0 # 16
0 0 0 0 0 # 17
0 0 0 0 0 # 18
0 0 0 0 0 # 19

I:
0 0 0 0 0 # 0
0 0 0 0 0 # 1
0 0 0 0 0 # 2
0 0 0 0 0 # 3
0 0 0 0 0 # 4
1 0 0 0 1 # 5
0 1 0 0 0 # 6
0 0 0 0 0 # 7
0 0 0 0 0 # 8
0 0 0 1 0 # 9
0 0 1 0 0 # 10
0 0 0 0 0 # 11
0 0 0 0 0 # 12
0 0 0 0 0 # 13
0 0 0 0 0 # 14
0 0 0 0 0 # 15
0 0 0 0 0 # 16
0 0 0 0 0 # 17
0 0 0 0 0 # 18
0 0 0 0 0 # 19

I:
0 0 0 0 0 # 0
0 0 0 0 0 # 1
0 0 0 0 0 # 2
0 0 0 0 0 # 3
0 0 0 0 0 # 4
0 0 0 0 0 # 5
1 0 0 0 1 # 6
0 1 0 0 0 # 7
0 0 0 0 0 # 8
0 0 0 0 0 # 9
0 0 0 1 0 # 10
0 0 1 0 0 # 11
0 0 0 0 0 # 12
0 0 0 0 0 # 13
0 0 0 0 0 # 14
0 0 0 0 0 # 15
0 0 0 0 0 # 16
0 0 0 0 0 # 17
0 0 0 0 0 # 18
0 0 0 0 0 # 19

I:
0 0 0 0 0 # 0
0 0 0 0 0 # 1
0 0 0 0 0 # 2
0 0 0 0 0 # 3
0 0 0 0 0 # 4
0 0 0 0 0 # 5
0 0 0 0 0 # 6
0 0 0 0 0 # 7
0 0 0 0 0 # 8
0 0 0 0 0 # 9
0 0 0 0 0 # 10
0 0 0 0 0 # 11
1 0 0 0 1 # 12
0 1 0 0 0 # 13
0 0 0 0 0 # 14
0 0 0 0 0 # 15
0 0 0 1 0 # 16
0 0 1 0 0 # 17
0 0 0 0 0 # 18
0 0 0 0 0 # 19

I:
0 0 0 0 0 # 0
0 0 0 0 0 # 1
0 0 0 0 0 # 2
0 0 0 0 0 # 3
0 0 0 0 0 # 4
0 0 0 0 0 # 5
0 0 0 0 0 # 6
0 0 0 0 0 # 7
0 0 0 0 0 # 8
0 0 0 0 0 # 9
0 0 0 0 0 # 10
0 0 0 0 0 # 11
0 0 0 0 0 # 12
1 0 0 0 1 # 13
0 1 0 0 0 # 14
0 0 0 0 0 # 15
0 0 0 0 0 # 16
0 0 0 1 0 # 17
0 0 1 0 0 # 18
0 0 0 0 0 # 19

I:
0 0 0 0 0 # 0
0 0 0 0 0 # 1
0 0 0 0 0 # 2
0 0 0 0 0 # 3
0 0 0 0 0 # 4
0 0 0 0 0 # 5
0 0 0 0 0 # 6
0 0 0 0 0 # 7
0 0 0 0 0 # 8
0 0 0 0 0 # 9
0 0 0 0 0 # 10
0 0 0 0 0 # 11
0 0 0 0 0 # 12
0 0 0 0 0 # 13
1 0 0 0 1 # 14
0 1 0 0 0 # 15
0 0 0 0 0 # 16
0 0 0 0 0 # 17
0 0 0 1 0 # 18
0 0 1 0 0 # 19

Tf0:I-Reg
?

Tf1:I-Reg
?

Tf2:I-I
?

Tf3:I-I
?

Bb:I-c12
0 0 1 0 0 0 0 0 0 0 0 0 # 0
0 0 0 0 0 1 0 0 0 0 0 0 # 1
0 0 0 0 0 0 0 0 1 0 0 0 # 2
0 0 0 0 0 0 0 0 0 0 0 1 # 3
0 1 0 0 0 0 0 0 0 0 0 0 # 4
0 0 0 0 1 0 0 0 0 0 0 0 # 5
0 0 0 0 0 0 0 1 0 0 0 0 # 6
0 0 0 0 0 0 0 0 0 0 1 0 # 7
1 0 0 0 0 0 0 0 0 0 0 0 # 8
0 0 0 1 0 0 0 0 0 0 0 0 # 9
0 0 0 0 0 0 1 0 0 0 0 0 # 10
0 0 0 0 0 0 0 0 0 1 0 0 # 11
0 0 0 0 0 0 0 0 0 0 0 0 # 12
0 0 0 0 0 0 0 0 0 0 0 0 # 13
0 0 0 0 0 0 0 0 0 0 0 0 # 14
0 0 0 0 0 0 0 0 0 0 0 0 # 15
0 0 0 0 0 0 0 0 0 0 0 0 # 16
0 0 0 0 0 0 0 0 0 0 0 0 # 17
0 0 0 0 0 0 0 0 0 0 0 0 # 18
0 0 0 0 0 0 0 0 0 0 0 0 # 19

Bt:I-c8
0 0 0 0 0 0 0 0 # 0
0 0 0 0 0 0 0 0 # 1
0 0 0 0 0 0 0 0 # 2
0 0 0 0 0 0 0 0 # 3
0 0 0 0 0 0 0 0 # 4
0 0 0 0 0 0 0 0 # 5
0 0 0 0 0 0 0 0 # 6
0 0 0 0 0 0 0 0 # 7
0 0 0 0 0 0 0 0 # 8
0 0 0 0 0 0 0 0 # 9
0 0 0 0 0 0 0 0 # 10
0 0 0 0 0 0 0 0 # 11
1 0 0 0 0 0 0 0 # 12
0 1 0 0 0 0 0 0 # 13
0 0 1 0 0 0 0 0 # 14
0 0 0 1 0 0 0 0 # 15
0 0 0 0 1 0 0 0 # 16
0 0 0 0 0 1 0 0 # 17
0 0 0 0 0 0 1 0 # 18
0 0 0 0 0 0 0 1 # 19

Bl:I-c15
1 0 0 0 0 0 0 0 0 0 0 0 0 0 0 # 0
0 1 0 0 0 0 0 0 0 0 0 0 0 0 0 # 1
0 0 1 0 0 0 0 0 0 0 0 0 0 0 0 # 2
0 0 0 0 0 0 0 0 0 0 0 0 0 0 0 # 3
0 0 0 1 0 0 0 0 0 0 0 0 0 0 0 # 4
0 0 0 0 1 0 0 0 0 0 0 0 0 0 0 # 5
0 0 0 0 0 1 0 0 0 0 0 0 0 0 0 # 6
0 0 0 0 0 0 0 0 0 0 0 0 0 0 0 # 7
0 0 0 0 0 0 1 0 0 0 0 0 0 0 0 # 8
0 0 0 0 0 0 0 1 0 0 0 0 0 0 0 # 9
0 0 0 0 0 0 0 0 1 0 0 0 0 0 0 # 10
0 0 0 0 0 0 0 0 0 0 0 0 0 0 0 # 11
0 0 0 0 0 0 0 0 0 1 0 0 0 0 0 # 12
0 0 0 0 0 0 0 0 0 0 1 0 0 0 0 # 13
0 0 0 0 0 0 0 0 0 0 0 1 0 0 0 # 14
0 0 0 0 0 0 0 0 0 0 0 0 0 0 0 # 15
0 0 0 0 0 0 0 0 0 0 0 0 1 0 0 # 16
0 0 0 0 0 0 0 0 0 0 0 0 0 1 0 # 17
0 0 0 0 0 0 0 0 0 0 0 0 0 0 1 # 18
0 0 0 0 0 0 0 0 0 0 0 0 0 0 0 # 19

Br:I-c15
0 0 0 0 0 0 0 0 0 0 0 0 0 0 0 # 0
1 0 0 0 0 0 0 0 0 0 0 0 0 0 0 # 1
0 1 0 0 0 0 0 0 0 0 0 0 0 0 0 # 2
0 0 1 0 0 0 0 0 0 0 0 0 0 0 0 # 3
0 0 0 0 0 0 0 0 0 0 0 0 0 0 0 # 4
0 0 0 1 0 0 0 0 0 0 0 0 0 0 0 # 5
0 0 0 0 1 0 0 0 0 0 0 0 0 0 0 # 6
0 0 0 0 0 1 0 0 0 0 0 0 0 0 0 # 7
0 0 0 0 0 0 0 0 0 0 0 0 0 0 0 # 8
0 0 0 0 0 0 1 0 0 0 0 0 0 0 0 # 9
0 0 0 0 0 0 0 1 0 0 0 0 0 0 0 # 10
0 0 0 0 0 0 0 0 1 0 0 0 0 0 0 # 11
0 0 0 0 0 0 0 0 0 0 0 0 0 0 0 # 12
0 0 0 0 0 0 0 0 0 1 0 0 0 0 0 # 13
0 0 0 0 0 0 0 0 0 0 1 0 0 0 0 # 14
0 0 0 0 0 0 0 0 0 0 0 1 0 0 0 # 15
0 0 0 0 0 0 0 0 0 0 0 0 0 0 0 # 16
0 0 0 0 0 0 0 0 0 0 0 0 1 0 0 # 17
0 0 0 0 0 0 0 0 0 0 0 0 0 1 0 # 18
0 0 0 0 0 0 0 0 0 0 0 0 0 0 1 # 19


Bt c8.T0 = Tf2 Bt
Bt c8.T1 = Tf3 Bt
Bl c15.Ti = Tf2 Bl
Bl c15.Tr = Tf0 Reg.Bl
Bb c12.T0 = Tf0 Reg.Bb
Bb c12.T1 = Tf1 Reg.Bb
Br c15.Ti = Tf3 Br
Br c15.Tr = Tf1 Reg.Br

Tf0 Reg.Bt = Tf2 Bb
Tf1 Reg.Bt = Tf3 Bb
Tf0 Reg.Br = Tf1 Reg.Bl
Tf2 Br = Tf3 Bl


{c8.T0_AA} = .375
{c8.T0_AB} = .375
{c8.T0_AE} = .125
{c8.T0_AF} = .125

{c8.T0_BA} = .09375
{c8.T0_BB} = .5625
{c8.T0_BC} = .09375
{c8.T0_BE} = .03125
{c8.T0_BF} = .1875
{c8.T0_BG} = .03125

{c8.T0_FA} = .03125
{c8.T0_FB} = .1875
{c8.T0_FC} = .03125
{c8.T0_FE} = .09375
{c8.T0_FF} = .5625
{c8.T0_FG} = .09375

{c8.T0_EA} = .125
{c8.T0_EB} = .125
{c8.T0_EE} = .375
{c8.T0_EF} = .375

{Tf0_MA} = 0     # 0
{Tf0_MB} = 0     # 1
{Tf0_ME} = 0     # 4
{Tf0_MF} = 0     # 5
{Tf0_MI} = .125  # 8
{Tf0_MJ} = .125  # 9
{Tf0_MM} = .375  # 12
{Tf0_MN} = .375  # 13
{Tf0_MQ} = 0     # 16
{Tf0_MR} = 0     # 17

{Tf0_NA} = 0 # 0
{Tf0_NB} = 0 # 1
{Tf0_NC} = 0 # 2
{Tf0_NE} = 0 # 4
{Tf0_NF} = 0 # 5
{Tf0_NG} = 0 # 6
{Tf0_NI} = .03125 # 8
{Tf0_NJ} = .1875 # 9
{Tf0_NK} = .03125 # 10
{Tf0_NM} = .09375 # 12
{Tf0_NN} = .5625 # 13
{Tf0_NO} = .09375 # 14
{Tf0_NQ} = 0 # 16
{Tf0_NR} = 0 # 17
{Tf0_NS} = 0 # 18


