z:
1
0

a:
1 0 0
0 1 0
0 0 1
0 0 0
0 0 0

a:
0 0
0 0
0 0
1 0
0 1

c:
1       0       0       0
0       1       0       0
0       0       1       0
0       0       0       1


cT0:c-c
0.5     .125    0       0
0.5     .75     0.5     .125
0       .125    0.5     .75
0       0       0       .125

cT1:c-c
.125    0       0       0
.75     0.5     .125    0
.125    0.5     .75     0.5
0       0       .125    0.5


P:z-a
0 1 0 0 1
0 1 2 3 4

T0:a-c
.5 .125 0  0   
.5 .75  .5 0   
0  .125 .5 .25 
0  0    0  .75 
0  0    0  0   


T1:a-a
.125 0  0   0   0
.75  .5 0   0   0
.125 .5 .25 0   0
0    0  .75 .75 .25
0    0  0   .25 .75


b:
1 0 0
0 1 0
0 0 1
0 0 0
0 0 0

b:
0 0
0 0
0 0
1 0
0 1


P2:z-b
0 1 0 0 0.5
0 1 2 3 3.5

bT0:b-c
.5 .125 0  0   
.5 .75  .5 0   
0  .125 .5 .25 
0  0    0  .75 
0  0    0  0   


bT1:b-b
.125 0  0   0  0
.75  .5 0   0  0
.125 .5 .25 0  0
0    0  .75 .5 0
0    0  0   .5 1



