z:
0
0
0


P:z-t
0	0	1	1	0	0	1	1	0	0	1	1	0	0	1	1	
0	0	0	0	0	0	0	0	1	1	1	1	1	1	1	1
0	1	1	0	1	1	1	1	1	1	1	1	0	1	1	0
#0	1	2	3	4	5	6	7	8	9	0	1	2	3	4	5

#P:z-t
#0	.333333	.66666	1	0	.333333	.66666	1	0	.333333	.66666	1	0	.333333	.66666	1	
#0	0	0	0	.333333	.333333	.333333	.333333	.66666	.66666	.66666	.66666	1	1	1	1
#0	1	1	0	1	1	1	1	1	1	1	1	0	1	1	0
##0	1	2	3	4	5	6	7	8	9	0	1	2	3	4	5

t:
1 0 0 0 # 0
0 1 0 0 # 1
0 0 0 0 # 2
0 0 0 0 # 3
0 0 0 1 # 4
0 0 1 0 # 5
0 0 0 0 # 6
0 0 0 0 # 7
0 0 0 0 # 8
0 0 0 0 # 9
0 0 0 0 # 0
0 0 0 0 # 1
0 0 0 0 # 2
0 0 0 0 # 3
0 0 0 0 # 4
0 0 0 0 # 5

t:
0 0 0 0 # 0
1 0 0 0 # 1
0 1 0 0 # 2
0 0 0 0 # 3
0 0 0 0 # 4
0 0 0 1 # 5
0 0 1 0 # 6
0 0 0 0 # 7
0 0 0 0 # 8
0 0 0 0 # 9
0 0 0 0 # 0
0 0 0 0 # 1
0 0 0 0 # 2
0 0 0 0 # 3
0 0 0 0 # 4
0 0 0 0 # 5

t:
0 0 0 0 # 0
0 0 0 0 # 1
1 0 0 0 # 2
0 1 0 0 # 3
0 0 0 0 # 4
0 0 0 0 # 5
0 0 0 1 # 6
0 0 1 0 # 7
0 0 0 0 # 8
0 0 0 0 # 9
0 0 0 0 # 0
0 0 0 0 # 1
0 0 0 0 # 2
0 0 0 0 # 3
0 0 0 0 # 4
0 0 0 0 # 5

t:
0 0 0 0 # 0
0 0 0 0 # 1
0 0 0 0 # 2
0 0 0 0 # 3
1 0 0 0 # 4
0 1 0 0 # 5
0 0 0 0 # 6
0 0 0 0 # 7
0 0 0 1 # 8
0 0 1 0 # 9
0 0 0 0 # 0
0 0 0 0 # 1
0 0 0 0 # 2
0 0 0 0 # 3
0 0 0 0 # 4
0 0 0 0 # 5

t:
0 0 0 0 # 0
0 0 0 0 # 1
0 0 0 0 # 2
0 0 0 0 # 3
0 0 0 0 # 4
1 0 0 0 # 5
0 1 0 0 # 6
0 0 0 0 # 7
0 0 0 0 # 8
0 0 0 1 # 9
0 0 1 0 # 0
0 0 0 0 # 1
0 0 0 0 # 2
0 0 0 0 # 3
0 0 0 0 # 4
0 0 0 0 # 5

t:
0 0 0 0 # 0
0 0 0 0 # 1
0 0 0 0 # 2
0 0 0 0 # 3
0 0 0 0 # 4
0 0 0 0 # 5
1 0 0 0 # 6
0 1 0 0 # 7
0 0 0 0 # 8
0 0 0 0 # 9
0 0 0 1 # 0
0 0 1 0 # 1
0 0 0 0 # 2
0 0 0 0 # 3
0 0 0 0 # 4
0 0 0 0 # 5

t:
0 0 0 0 # 0
0 0 0 0 # 1
0 0 0 0 # 2
0 0 0 0 # 3
0 0 0 0 # 4
0 0 0 0 # 5
0 0 0 0 # 6
0 0 0 0 # 7
1 0 0 0 # 8
0 1 0 0 # 9
0 0 0 0 # 0
0 0 0 0 # 1
0 0 0 1 # 2
0 0 1 0 # 3
0 0 0 0 # 4
0 0 0 0 # 5

t:
0 0 0 0 # 0
0 0 0 0 # 1
0 0 0 0 # 2
0 0 0 0 # 3
0 0 0 0 # 4
0 0 0 0 # 5
0 0 0 0 # 6
0 0 0 0 # 7
0 0 0 0 # 8
1 0 0 0 # 9
0 1 0 0 # 0
0 0 0 0 # 1
0 0 0 0 # 2
0 0 0 1 # 3
0 0 1 0 # 4
0 0 0 0 # 5

t:
0 0 0 0 # 0
0 0 0 0 # 1
0 0 0 0 # 2
0 0 0 0 # 3
0 0 0 0 # 4
0 0 0 0 # 5
0 0 0 0 # 6
0 0 0 0 # 7
0 0 0 0 # 8
0 0 0 0 # 9
1 0 0 0 # 0
0 1 0 0 # 1
0 0 0 0 # 2
0 0 0 0 # 3
0 0 0 1 # 4
0 0 1 0 # 5


tf0:t-t
1	.5	0	.25	.5	.25	0	.125	0	0	0	0	.25	.125	0	.0625	#	0
0	.5	.5	.25	0	.25	.25	.125	0	0	0	0	0	.125	.125	.0625	#	1
0	0	.5	.25	0	0	.25	.125	0	0	0	0	0	0	.125	.0625	#	2
0	0	0	.25	0	0	0	.125	0	0	0	0	0	0	0	.0625	#	3
0	0	0	0	.5	.25	0	.125	.5	.25	0	.125	.25	.125	0	.0625	#	4
0	0	0	0	0	.25	.25	.125	0	.25	.25	.125	0	.125	.125	.0625	#	5
0	0	0	0	0	0	.25	.125	0	0	.25	.125	0	0	.125	.0625	#	6
0	0	0	0	0	0	0	.125	0	0	0	.125	0	0	0	.0625	#	7
0	0	0	0	0	0	0	0	.5	.25	0	.125	.25	.125	0	.0625	#	8
0	0	0	0	0	0	0	0	0	.25	.25	.125	0	.125	.125	.0625	#	9
0	0	0	0	0	0	0	0	0	0	.25	.125	0	0	.125	.0625	#	0
0	0	0	0	0	0	0	0	0	0	0	.125	0	0	0	.0625	#	1
0	0	0	0	0	0	0	0	0	0	0	0	.25	.125	0	.0625	#	2
0	0	0	0	0	0	0	0	0	0	0	0	0	.125	.125	.0625	#	3
0	0	0	0	0	0	0	0	0	0	0	0	0	0	.125	.0625	#	4
0	0	0	0	0	0	0	0	0	0	0	0	0	0	0	.0625	#	5


tf1:t-t
  .25    0    0    0  .125    0    0    0    0    0    0    0 .0625    0    0    0 
  .25  .5    0    0  .125  .25    0    0    0    0    0    0 .0625  .125    0    0 
  .25  .5  .5    0  .125  .25  .25    0    0    0    0    0 .0625  .125  .125    0 
  .25    0  .5    1  .125    0  .25  .5    0    0    0    0 .0625    0  .125  .25 
    0    0    0    0  .125    0    0    0  .125    0    0    0 .0625    0    0    0 
    0    0    0    0  .125  .25    0    0  .125  .25    0    0 .0625  .125    0    0 
    0    0    0    0  .125  .25  .25    0  .125  .25  .25    0 .0625  .125  .125    0 
    0    0    0    0  .125    0  .25  .5  .125    0  .25  .5 .0625    0  .125  .25 
    0    0    0    0    0    0    0    0  .125    0    0    0 .0625    0    0    0 
    0    0    0    0    0    0    0    0  .125  .25    0    0 .0625  .125    0    0 
    0    0    0    0    0    0    0    0  .125  .25  .25    0 .0625  .125  .125    0 
    0    0    0    0    0    0    0    0  .125    0  .25  .5 .0625    0  .125  .25 
    0    0    0    0    0    0    0    0    0    0    0    0 .0625    0    0    0 
    0    0    0    0    0    0    0    0    0    0    0    0 .0625  .125    0    0 
    0    0    0    0    0    0    0    0    0    0    0    0 .0625  .125  .125    0 
    0    0    0    0    0    0    0    0    0    0    0    0 .0625    0  .125  .25 

tf2:t-t
  .25  .125    0 .0625    0    0    0    0    0    0    0    0    0    0    0    0 
    0  .125  .125 .0625    0    0    0    0    0    0    0    0    0    0    0    0 
    0    0  .125 .0625    0    0    0    0    0    0    0    0    0    0    0    0 
    0    0    0 .0625    0    0    0    0    0    0    0    0    0    0    0    0 
  .25  .125    0 .0625  .5  .25    0  .125    0    0    0    0    0    0    0    0 
    0  .125  .125 .0625    0  .25  .25  .125    0    0    0    0    0    0    0    0 
    0    0  .125 .0625    0    0  .25  .125    0    0    0    0    0    0    0    0 
    0    0    0 .0625    0    0    0  .125    0    0    0    0    0    0    0    0 
  .25  .125    0 .0625  .5  .25    0  .125  .5  .25    0  .125    0    0    0    0 
    0  .125  .125 .0625    0  .25  .25  .125    0  .25  .25  .125    0    0    0    0 
    0    0  .125 .0625    0    0  .25  .125    0    0  .25  .125    0    0    0    0 
    0    0    0 .0625    0    0    0  .125    0    0    0  .125    0    0    0    0 
  .25  .125    0 .0625    0    0    0    0  .5  .25    0  .125    1  .5    0  .25 
    0  .125  .125 .0625    0    0    0    0    0  .25  .25  .125    0  .5  .5  .25 
    0    0  .125 .0625    0    0    0    0    0    0  .25  .125    0    0  .5  .25 
    0    0    0 .0625    0    0    0    0    0    0    0  .125    0    0    0  .25 

tf3:t-t
 .0625    0    0    0    0    0    0    0    0    0    0    0    0    0    0    0 
 .0625  .125    0    0    0    0    0    0    0    0    0    0    0    0    0    0 
 .0625  .125  .125    0    0    0    0    0    0    0    0    0    0    0    0    0 
 .0625    0  .125  .25    0    0    0    0    0    0    0    0    0    0    0    0 
 .0625    0    0    0  .125    0    0    0    0    0    0    0    0    0    0    0 
 .0625  .125    0    0  .125  .25    0    0    0    0    0    0    0    0    0    0 
 .0625  .125  .125    0  .125  .25  .25    0    0    0    0    0    0    0    0    0 
 .0625    0  .125  .25  .125    0  .25  .5    0    0    0    0    0    0    0    0 
 .0625    0    0    0  .125    0    0    0  .125    0    0    0    0    0    0    0 
 .0625  .125    0    0  .125  .25    0    0  .125  .25    0    0    0    0    0    0 
 .0625  .125  .125    0  .125  .25  .25    0  .125  .25  .25    0    0    0    0    0 
 .0625    0  .125  .25  .125    0  .25  .5  .125    0  .25  .5    0    0    0    0 
 .0625    0    0    0    0    0    0    0  .125    0    0    0  .25    0    0    0 
 .0625  .125    0    0    0    0    0    0  .125  .25    0    0  .25  .5    0    0 
 .0625  .125  .125    0    0    0    0    0  .125  .25  .25    0  .25  .5  .5    0 
 .0625    0  .125  .25    0    0    0    0  .125    0  .25  .5  .25    0  .5    1 
