Tf2:

[1/16 1/64    0    0    0    0    0    0    0 # 0    0    0    0    0    0  0    0    0    0    0    0]
[1/16 3/32 1/16 1/64    0    0    0    0    0 # 1    0    0    0    0    0  0    0    0    0    0    0]
[   0 1/64 1/16 3/32    0    0    0    0    0 # 2    0    0    0    0    0  0    0    0    0    0    0]
[   0    0    0 1/64    0    0    0    0    0 # 3    0    0    0    0    0  0    0    0    0    0    0]
[ 3/8 3/32    0    0  1/4 1/16    0    0    0 # 4    0    0    0    0    0  0    0    0    0    0    0]
[ 3/8 9/16  3/8 3/32  1/4  3/8  1/4 1/16    0 # 5    0    0    0    0    0  0    0    0    0    0    0]
[   0 3/32  3/8 9/16    0 1/16  1/4  3/8    0 # 6    0    0    0    0    0  0    0    0    0    0    0]
[   0    0    0 3/32    0    0    0 1/16    0 # 7    0    0    0    0    0  0    0    0    0    0    0]
[1/16 1/64    0    0  1/4 1/16    0    0  1/8 # 8 1/32    0    0    0    0  0    0    0    0    0    0]
[1/16 3/32 1/16 1/64  1/4  3/8  1/4 1/16  1/8 # 9 3/16  1/8 1/32    0    0  0    0    0    0    0    0]
[   0 1/64 1/16 3/32    0 1/16  1/4  3/8    0 # 101/32  1/8 3/16    0    0  0    0    0    0    0    0]
[   0    0    0 1/64    0    0    0 1/16    0 # 11   0    0 1/32    0    0  0    0    0    0    0    0]
[   0    0    0    0    0    0    0    0  3/8 # 123/32    0    0  3/8 3/32  0    0  1/8 1/32    0    0]
[   0    0    0    0    0    0    0    0  3/8 # 139/16  3/8 3/32  3/8 9/16 3/8 3/32  1/8 3/16  1/8 1/32]
[   0    0    0    0    0    0    0    0    0 # 143/32  3/8 9/16    0 3/32 3/8 9/16    0 1/32  1/8 3/16]
[   0    0    0    0    0    0    0    0    0 # 15   0    0 3/32    0    0 0 3/32    0    0    0 1/32]
[   0    0    0    0    0    0    0    0    0 # 16   0    0    0  1/8 1/32 0    0  3/8 3/32    0    0]
[   0    0    0    0    0    0    0    0    0 # 17   0    0    0  1/8 3/16 1/8 1/32  3/8 9/16  3/8 3/32]
[   0    0    0    0    0    0    0    0    0 # 18   0    0    0    0 1/32 1/8 3/16    0 3/32  3/8 9/16]
[   0    0    0    0    0    0    0    0    0 # 19   0    0    0    0    0 0 1/32    0    0    0 3/32]

#0    1      2       3        4   5    6     7      8    9     0      1       2   3    4     5      6 7   8    9 
                                                                                   
0.125 0.0625 0.03125 0.015625 0   0    0     0      0    0     0      0       0   0    0     0      0 0   0    0    # 0
0     0.0625 0.0625  0.046875 0   0    0     0      0    0     0      0       0   0    0     0      0 0   0    0    # 1
0     0      0.03125 0.046875 0   0    0     0      0    0     0      0       0   0    0     0      0 0   0    0    # 2
0     0      0       0.015625 0   0    0     0      0    0     0      0       0   0    0     0      0 0   0    0    # 3
0.75  0.375  0.1875  0.09375  0.5 0.25 0.125 0.0625 0    0     0      0       0   0    0     0      0 0   0    0    # 4
0     0.375  0.375   0.28125  0   0.25 0.25  0.1875 0    0     0      0       0   0    0     0      0 0   0    0    # 5
0     0      0.1875  0.28125  0   0    0.125 0.1875 0    0     0      0       0   0    0     0      0 0   0    0    # 6
0     0      0       0.09375  0   0    0     0.0625 0    0     0      0       0   0    0     0      0 0   0    0    # 7
0.125 0.0625 0.03125 0.015625 0.5 0.25 0.125 0.0625 0.25 0.125 0.0625 0.03125 0   0    0     0      0 0   0    0    # 8
0     0.0625 0.0625  0.046875 0   0.25 0.25  0.1875 0    0.125 0.125  0.09375 0   0    0     0      0 0   0    0    # 9
0     0      0.03125 0.046875 0   0    0.125 0.1875 0    0     0.0625 0.09375 0   0    0     0      0 0   0    0    # 10
0     0      0       0.015625 0   0    0     0.0625 0    0     0      0.03125 0   0    0     0      0 0   0    0    # 11
0     0      0       0        0   0    0     0      0.75 0.375 0.1875 0.09375 0.5 0.25 0.125 0.0625 0 0   0    0    # 12
0     0      0       0        0   0    0     0      0    0.375 0.375  0.28125 0   0.25 0.25  0.1875 0 0   0    0    # 13
0     0      0       0        0   0    0     0      0    0     0.1875 0.28125 0   0    0.125 0.1875 0 0   0    0    # 14
0     0      0       0        0   0    0     0      0    0     0      0.09375 0   0    0     0.0625 0 0   0    0    # 15
0     0      0       0        0   0    0     0      0    0     0      0       0.5 0.25 0.125 0.0625 1 0.5 0.25 .125 # 16
0     0      0       0        0   0    0     0      0    0     0      0       0   0.25 0.25  0.1875 0 0.5 0.5  .375 # 17
0     0      0       0        0   0    0     0      0    0     0      0       0   0    0.125 0.1875 0 0   0.25 .375 # 18
0     0      0       0        0   0    0     0      0    0     0      0       0   0    0     0.0625 0 0   0    .125 # 19




собственные подпространства tf2:

[
(1, Vector space of degree 20 and dimension 1 over Rational Field
User basis matrix:
[0 0 0 0 0 0 0 0 0 0 0 0 1 4 1 0 1 4 1 0]),
(1/64, Vector space of degree 20 and dimension 1 over Rational Field
User basis matrix:
[  1  -3   3  -1  -2   6  -6   2   7 -21  21  -7 -10  30 -30  10   4 -12 12  -4]),
(1/32, Vector space of degree 20 and dimension 2 over Rational Field
User basis matrix:
[  1  -2   1   0  -2   4  -2   0   0   7 -14   7   4 -22  32 -14  -3  13 -17   7]
[  0   0   0   0   0   0   0   0   1  -3   3  -1  -2   6  -6   2   1  -3 3  -1]),
(1/2, Vector space of degree 20 and dimension 2 over Rational Field
User basis matrix:
[   0    0    0    0    0    0    0    0    0    0    0    0    1    0  -1    0    1    0   -1    0]
[   0    0    0    0    0    0    0    0    0    0    0    0    0    1 1/2    0 -1/2   -1    0    0]),
(1/4, Vector space of degree 20 and dimension 3 over Rational Field
User basis matrix:
[  0   0   0   0   0   0   0   0   1   4   1   0   0   0 -12   0  -9  12 3   0]
[  0   0   0   0   0   0   0   0   0   0   0   0   1   0  -1   0  -1   0 1   0]
[  0   0   0   0   0   0   0   0   0   0   0   0   0   1  -1   0  -1   1 0   0]),
(1/16, Vector space of degree 20 and dimension 3 over Rational Field
User basis matrix:
[  1   0  -1   0  -2   0   2   0   0  14 -14   0   0 -16  12   4   1   2 1  -4]
[  0   0   0   0   0   0   0   0   1  -2   1   0   0  -2   4  -2  -1   4 -5   2]
[  0   0   0   0   0   0   0   0   0   0   0   0   1  -3   3  -1  -1   3 -3   1]),
(1/8, Vector space of degree 20 and dimension 4 over Rational Field
User basis matrix:
[   1    4    1    0   -2   -8   -2    0    0   28   14    0    0    0  -92   32  -63  168 -113   32]
[   0    0    0    0    0    0    0    0    1    0   -1    0    0    0  -4    4   -9   24  -19    4]
[   0    0    0    0    0    0    0    0    0    0    0    0    1    0  -3    2   -5   12   -9    2]
[   0    0    0    0    0    0    0    0    0    0    0    0    0    1  -2    1   -2    5   -4    1])
]

