f:
1 0 0 0
0 1 0 0
0 0 0 0
0 0 0 1
0 0 1 0
0 0 0 0
0 0 0 0
0 0 0 0
0 0 0 0

f:
0 0 0 0
1 0 0 0
0 1 0 0
0 0 0 0
0 0 0 1
0 0 1 0
0 0 0 0
0 0 0 0
0 0 0 0

f:
0 0 0 0
0 0 0 0
0 0 0 0
1 0 0 0
0 1 0 0
0 0 0 0
0 0 0 1
0 0 1 0
0 0 0 0

f:
0 0 0 0
0 0 0 0
0 0 0 0
0 0 0 0
1 0 0 0
0 1 0 0
0 0 0 0
0 0 0 1
0 0 1 0

a<in/doo-sabin/curve6.txt>:
b<in/doo-sabin/curve6.txt>:
c<in/doo-sabin/curve6.txt>:
d<in/doo-sabin/curve6.txt>:

Bfa:f-a
1 0 0 0 0 0 #  0
0 1 0 0 0 0 #  1
0 0 0 0 0 0 #  2
0 0 1 0 0 0 #  3
0 0 0 1 0 0 #  4
0 0 0 0 0 0 #  5
0 0 0 0 1 0 #  6
0 0 0 0 0 1 #  7
0 0 0 0 0 0 #  8

Bfb:f-b
0 0 0 0 0 0 #  0
0 0 0 0 0 0 #  1
0 0 0 0 0 0 #  2
0 1 0 0 0 0 #  3
0 0 0 1 0 0 #  4
0 0 0 0 0 1 #  5
1 0 0 0 0 0 #  6
0 0 1 0 0 0 #  7
0 0 0 0 1 0 #  8

Bfc:f-c
0 0 0 0 0 0 #  0
1 0 0 0 0 0 #  1
0 1 0 0 0 0 #  2
0 0 0 0 0 0 #  3
0 0 1 0 0 0 #  4
0 0 0 1 0 0 #  5
0 0 0 0 0 0 #  6
0 0 0 0 1 0 #  7
0 0 0 0 0 1 #  8

Bfd:f-d
0 1 0 0 0 0 #  0
0 0 0 1 0 0 #  1
0 0 0 0 0 1 #  2
1 0 0 0 0 0 #  3
0 0 1 0 0 0 #  4
0 0 0 0 1 0 #  5
0 0 0 0 0 0 #  6
0 0 0 0 0 0 #  7
0 0 0 0 0 0 #  8



Tf0:f-f
?

Tf1:f-f
?

Tf2:f-f
?

Tf3:f-f
?

##############################################################################
# extern edges
Bfa a.T0 = Tf0 Bfa
Bfa a.T1 = Tf1 Bfa
Bfb b.T0 = Tf1 Bfb
Bfb b.T1 = Tf2 Bfb
Bfc c.T0 = Tf3 Bfc
Bfc c.T1 = Tf2 Bfc
Bfd d.T0 = Tf0 Bfd
Bfd d.T1 = Tf3 Bfd

# inner edges
Tf0 Bfb = Tf1 Bfd
Tf1 Bfc = Tf2 Bfa
Tf2 Bfd = Tf3 Bfb
Tf3 Bfa = Tf0 Bfc

# !!! omnidirectional
a.Ts = b.Ts

###############################################

